checkpoints
418 1251 545 1173
297 761 459 824
1064 281 1026 459
1587 1122 1639 1259
2306 1098 2458 1106
1529 2128 1671 2102
1953 2477 2106 2494
885 2433 984 2315
walls
560 1196 492 1080
492 1080 449 989
449 989 436 891
436 891 461 824
461 824 545 755
545 755 638 699
638 699 724 627
724 627 817 546
817 546 928 478
928 478 1008 456
1008 456 1049 466
1049 466 1098 516
1098 516 1122 585
1122 585 1115 721
1115 721 1082 854
1082 854 1071 932
1071 932 1049 1039
1049 1039 1043 1121
1043 1121 1063 1227
1063 1227 1104 1307
1104 1307 1158 1359
1158 1359 1275 1401
1275 1401 1373 1396
1373 1396 1515 1343
1515 1343 1640 1261
1640 1261 1704 1210
1704 1210 1760 1171
1760 1171 1905 1051
1905 1051 1981 1004
1981 1004 2051 994
2051 994 2250 1035
2250 1035 2305 1096
2305 1096 2248 1229
2248 1229 2195 1280
2195 1280 2161 1337
2161 1337 2035 1460
2035 1460 1758 1597
1758 1597 1628 1685
1628 1685 1552 1784
1552 1784 1498 1941
1498 1941 1504 2041
1504 2041 1528 2130
1528 2130 1609 2247
1609 2247 1721 2340
1721 2340 1842 2395
1842 2395 1940 2448
1940 2448 1947 2495
1947 2495 1877 2548
1877 2548 1803 2563
1803 2563 1583 2565
1583 2565 1469 2558
1469 2558 1256 2464
1256 2464 1148 2429
1148 2429 1087 2383
1087 2383 1027 2350
1027 2350 938 2283
938 2283 902 2245
902 2245 849 2211
849 2211 811 2091
811 2091 808 1981
808 1981 798 1925
798 1925 818 1863
818 1863 819 1742
819 1742 857 1632
857 1632 863 1550
863 1550 854 1458
854 1458 777 1361
777 1361 689 1291
689 1291 639 1266
639 1266 560 1196
#trees
2147 905 2142 892
2142 892 2147 863
2147 863 2168 857
2168 857 2185 849
2185 849 2203 855
2203 855 2230 862
2230 862 2240 861
2240 861 2266 867
2266 867 2275 863
2275 863 2286 875
2286 875 2293 893
2293 893 2303 904
2303 904 2300 913
2300 913 2286 917
2286 917 2265 924
2265 924 2270 937
2270 937 2265 945
2265 945 2250 941
2250 941 2221 924
2221 924 2214 928
2214 928 2199 923
2199 923 2182 911
2182 911 2174 912
2174 912 2158 907
2158 907 2147 905
#outer walls
477 1335 404 1229
404 1229 374 1192
374 1192 341 1124
341 1124 298 1054
298 1054 272 902
272 902 296 760
296 760 357 691
357 691 425 648
425 648 471 598
471 598 559 540
559 540 617 470
617 470 720 405
720 405 787 353
787 353 894 309
894 309 989 273
989 273 1093 282
1093 282 1179 330
1179 330 1236 399
1236 399 1261 485
1261 485 1267 543
1267 543 1283 618
1283 618 1283 692
1283 692 1271 763
1271 763 1264 827
1264 827 1233 931
1233 931 1204 981
1204 981 1198 1012
1198 1012 1196 1039
1196 1039 1214 1059
1214 1059 1249 1071
1249 1071 1271 1102
1271 1102 1320 1123
1320 1123 1366 1126
1366 1126 1400 1135
1400 1135 1409 1116
1409 1116 1428 1099
1428 1099 1477 1122
1477 1122 1488 1173
1488 1173 1509 1177
1509 1177 1607 1108
1607 1108 1659 1043
1659 1043 1724 991
1724 991 1785 958
1785 958 1834 915
1834 915 1898 880
1898 880 1942 834
1942 834 1989 797
1989 797 2039 738
2039 738 2116 710
2116 710 2296 696
2296 696 2378 720
2378 720 2431 748
2431 748 2466 809
2466 809 2485 881
2485 881 2487 940
2487 940 2482 1004
2482 1004 2467 1062
2467 1062 2455 1138
2455 1138 2434 1183
2434 1183 2422 1261
2422 1261 2389 1309
2389 1309 2360 1370
2360 1370 2305 1418
2305 1418 2273 1462
2273 1462 2220 1510
2220 1510 2182 1558
2182 1558 2120 1588
2120 1588 2070 1630
2070 1630 2002 1660
2002 1660 1945 1714
1945 1714 1891 1782
1891 1782 1817 1846
1817 1846 1778 1901
1778 1901 1718 1944
1718 1944 1673 2000
1673 2000 1660 2050
1660 2050 1674 2102
1674 2102 1729 2156
1729 2156 1829 2196
1829 2196 1870 2229
1870 2229 1944 2247
1944 2247 1989 2282
1989 2282 2064 2315
2064 2315 2097 2376
2097 2376 2115 2472
2115 2472 2071 2628
2071 2628 1894 2727
1894 2727 1667 2764
1667 2764 1403 2728
1403 2728 1276 2679
1276 2679 1161 2644
1161 2644 1071 2590
1071 2590 965 2543
965 2543 906 2476
906 2476 883 2433
883 2433 802 2374
802 2374 725 2339
725 2339 662 2263
662 2263 594 2214
594 2214 561 2147
561 2147 552 2059
552 2059 538 2011
538 2011 552 1932
552 1932 586 1865
586 1865 598 1794
598 1794 593 1697
593 1697 575 1597
575 1597 533 1524
533 1524 515 1430
515 1430 477 1335
