#not important but to any potential readers, i just want to vent about how i had to write this entire file by hand by copying coordinates from aseprite into the file manually. it probably wouldve been faster to make a tool to do it for me but i didnt then sunk cost fallacy kicked in.
checkpoints
418 1251 545 1173
297 761 459 824
1064 281 1026 459
1587 1122 1639 1259
2306 1098 2458 1106
1529 2128 1671 2102
1953 2477 2106 2494
885 2433 984 2315
offroads
#COPY THIS TO LAP ONE!!!
428 849 33 116
442 820 30 35
463 795 34 39
487 777 49 32
518 755 39 39
545 734 30 30
569 718 30 30
591 704 30 24
608 689 34 28
633 664 43 44
667 640 40 44
695 623 38 32
713 601 44 40
736 586 43 34
762 555 34 44
786 541 34 40
815 523 32 37
840 504 41 33
863 488 57 30
899 466 84 37
940 449 123 39
#copied :3
528 1450 67 327
595 1468 46 300
641 1489 34 215
675 1507 24 147
#
704 1964 26 127
730 1898 26 227
756 1856 30 289
786 1826 53 365
#
633 1255 85 56
687 1312 70 32
#
676 2293 43 33
703 2310 46 68
733 2335 52 43
#
889 2470 58 99
931 2482 54 95
988 2500 21 129
1006 2527 33 128
1039 2544 38 109
1074 2574 60 87
1133 2596 47 85
1174 2630 50 85
1223 2645 53 80
1275 2669 59 71
1334 2695 92 64
1426 2719 129 61
1549 2735 329 82
1816 2717 154 48
1893 2700 150 47
1953 2680 97 50
1616 2532 172 61
#bro i dont wanna do another two laps of this maaan
1195 1057 299 128
1216 1184 237 32
1237 1216 195 18
1268 1234 122 18
#
1989 972 334 110
2032 935 288 39
2084 893 234 41
2118 863 37 30
#
1650 1913 138 134
1686 1853 152 117
1724 1808 154 60
1757 1773 166 48
1794 1740 169 31
1838 1719 126 26
1875 1700 88 19
walls
560 1196 492 1080
492 1080 449 989
449 989 436 891
436 891 461 824
461 824 545 755
545 755 638 699
638 699 724 627
724 627 817 546
817 546 928 478
928 478 1008 456
1008 456 1049 466
1049 466 1098 516
1098 516 1122 585
1122 585 1115 721
1115 721 1082 854
1082 854 1071 932
1071 932 1049 1039
1049 1039 1043 1121
1043 1121 1063 1227
1063 1227 1104 1307
1104 1307 1158 1359
1158 1359 1275 1401
1275 1401 1373 1396
1373 1396 1515 1343
1515 1343 1640 1261
1640 1261 1704 1210
1704 1210 1760 1171
1760 1171 1905 1051
1905 1051 1981 1004
1981 1004 2051 994
2051 994 2250 1035
2250 1035 2305 1096
2305 1096 2248 1229
2248 1229 2195 1280
2195 1280 2161 1337
2161 1337 2035 1460
2035 1460 1758 1597
1758 1597 1628 1685
1628 1685 1552 1784
1552 1784 1498 1941
1498 1941 1504 2041
1504 2041 1528 2130
1528 2130 1609 2247
1609 2247 1721 2340
1721 2340 1842 2395
1842 2395 1940 2448
1940 2448 1947 2495
1947 2495 1877 2548
1877 2548 1803 2563
1803 2563 1583 2565
1583 2565 1469 2558
1469 2558 1256 2464
1256 2464 1148 2429
1148 2429 1087 2383
1087 2383 1027 2350
1027 2350 938 2283
938 2283 902 2245
902 2245 849 2211
849 2211 811 2091
811 2091 808 1981
808 1981 798 1925
798 1925 818 1863
818 1863 819 1742
819 1742 857 1632
857 1632 863 1550
863 1550 854 1458
854 1458 777 1361
777 1361 689 1291
689 1291 639 1266
639 1266 560 1196
#trees
2147 905 2142 892
2142 892 2147 863
2147 863 2168 857
2168 857 2185 849
2185 849 2203 855
2203 855 2230 862
2230 862 2240 861
2240 861 2266 867
2266 867 2275 863
2275 863 2286 875
2286 875 2293 893
2293 893 2303 904
2303 904 2300 913
2300 913 2286 917
2286 917 2265 924
2265 924 2270 937
2270 937 2265 945
2265 945 2250 941
2250 941 2221 924
2221 924 2214 928
2214 928 2199 923
2199 923 2182 911
2182 911 2174 912
2174 912 2158 907
2158 907 2147 905
#outer walls
477 1335 404 1229
404 1229 374 1192
374 1192 341 1124
341 1124 298 1054
298 1054 272 902
272 902 296 760
296 760 357 691
357 691 425 648
425 648 471 598
471 598 559 540
559 540 617 470
617 470 720 405
720 405 787 353
787 353 894 309
894 309 989 273
989 273 1093 282
1093 282 1179 330
1179 330 1236 399
1236 399 1261 485
1261 485 1267 543
1267 543 1283 618
1283 618 1283 692
1283 692 1271 763
1271 763 1264 827
1264 827 1233 931
1233 931 1204 981
1204 981 1198 1012
1198 1012 1196 1039
1196 1039 1214 1059
1214 1059 1249 1071
1249 1071 1271 1102
1271 1102 1320 1123
1320 1123 1366 1126
1366 1126 1400 1135
1400 1135 1409 1116
1409 1116 1428 1099
1428 1099 1477 1122
1477 1122 1488 1173
1488 1173 1509 1177
1509 1177 1607 1108
1607 1108 1659 1043
1659 1043 1724 991
1724 991 1785 958
1785 958 1834 915
1834 915 1898 880
1898 880 1942 834
1942 834 1989 797
1989 797 2039 738
2039 738 2116 710
2116 710 2296 696
2296 696 2378 720
2378 720 2431 748
2431 748 2466 809
2466 809 2485 881
2485 881 2487 940
2487 940 2482 1004
2482 1004 2467 1062
2467 1062 2455 1138
2455 1138 2434 1183
2434 1183 2422 1261
2422 1261 2389 1309
2389 1309 2360 1370
2360 1370 2305 1418
2305 1418 2273 1462
2273 1462 2220 1510
2220 1510 2182 1558
2182 1558 2120 1588
2120 1588 2070 1630
2070 1630 2002 1660
2002 1660 1945 1714
1945 1714 1891 1782
1891 1782 1817 1846
1817 1846 1778 1901
1778 1901 1718 1944
1718 1944 1673 2000
1673 2000 1660 2050
1660 2050 1674 2102
1674 2102 1729 2156
1729 2156 1829 2196
1829 2196 1870 2229
1870 2229 1944 2247
1944 2247 1989 2282
1989 2282 2064 2315
2064 2315 2097 2376
2097 2376 2115 2472
2115 2472 2071 2628
2071 2628 1894 2727
1894 2727 1667 2764
1667 2764 1403 2728
1403 2728 1276 2679
1276 2679 1161 2644
1161 2644 1071 2590
1071 2590 965 2543
965 2543 906 2476
906 2476 883 2433
883 2433 802 2374
802 2374 725 2339
725 2339 662 2263
662 2263 594 2214
594 2214 561 2147
561 2147 552 2059
552 2059 538 2011
538 2011 552 1932
552 1932 586 1865
586 1865 598 1794
598 1794 593 1697
593 1697 575 1597
575 1597 533 1524
533 1524 515 1430
515 1430 477 1335
lap
checkpoints
418 1251 545 1173
297 761 459 824
1064 281 1026 459
1676 759 1868 724
1792 1818 1800 2005
885 2433 984 2315
offroads
528 1450 67 327
595 1468 46 300
641 1489 34 215
675 1507 24 147
#
704 1964 26 127
730 1898 26 227
756 1856 30 289
786 1826 53 365
#
633 1255 85 56
687 1312 70 32
#
676 2293 43 33
703 2310 46 68
733 2335 52 43
#
889 2470 58 99
931 2482 54 95
988 2500 21 129
1006 2527 33 128
1039 2544 38 109
1074 2574 60 87
1133 2620 400 100
#
1195 1057 299 128
1216 1184 237 32
1237 1216 195 18
1268 1234 122 18
#
1074 2159 221 231
1174 2282 217 153
1095 2387 79 16
1365 2322 59 88
1295 2192 38 90
1333 2252 30 30
1295 2181 27 32
1236 2120 44 38
#
1515 2000 270 206
1465 2042 64 129
1564 2191 72 72
1527 2205 37 16
1489 2162 47 27
1490 2022 32 28
#COPY THIS TO LAP ONE!!!
428 849 33 116
442 820 30 35
463 795 34 39
487 777 49 32
518 755 39 39
545 734 30 30
569 718 30 30
591 704 30 24
608 689 34 28
633 664 43 44
667 640 40 44
695 623 38 32
713 601 44 40
736 586 43 34
762 555 34 44
786 541 34 40
815 523 32 37
840 504 41 33
863 488 57 30
899 466 84 37
940 449 123 39
#the lone square
1606 688 76 78
#
1753 914 34 82
1785 954 66 53
1849 980 59 58
1906 1004 56 68
1959 1032 48 78
2005 1055 33 112
2033 1085 25 203
2056 1120 24 188
2065 1243 42 188
2078 1172 19 51
2020 1403 58 49
1982 1434 67 52
1967 1466 52 58
1941 1516 45 186
1975 1508 29 73
walls
560 1196 492 1080
492 1080 449 989
449 989 436 891
436 891 461 824
461 824 545 755
545 755 638 699
638 699 724 627
724 627 817 546
817 546 928 478
928 478 1008 456
1008 456 1049 466
1049 466 1090 452
1090 452 1581 565
1581 565 1619 561
1619 561 1607 582
1607 582 1626 637
1626 637 1640 709
1640 709 1676 759
1676 759 1701 811
1701 811 1713 886
1713 886 1755 943
1755 943 1825 978
1825 978 1903 998
1903 998 1973 1044
1973 1044 2022 1102
2022 1102 2059 1169
2059 1169 2067 1255
2067 1255 2090 1324
2090 1324 2068 1417
2068 1417 1995 1490
1995 1490 1974 1589
1974 1589 1965 1677
1965 1677 1890 1784
1890 1784 1792 1818
1792 1818 1660 1815
1660 1815 1561 1826
1561 1826 1468 1821
1468 1821 1380 1849
1380 1849 1316 1921
1316 1921 1279 1990
1279 1990 1252 2069
1252 2069 1254 2140
1254 2140 1242 2187
1242 2187 1198 2287
1198 2287 1155 2315
1155 2315 1106 2357
1106 2357 1027 2350
1027 2350 937 2283
937 2283 902 2244
902 2244 848 2211
848 2211 808 2193
808 2193 768 2155
768 2155 737 2135
737 2135 717 2095
717 2095 707 2052
707 2052 708 2016
708 2016 705 1983
705 1983 719 1954
719 1954 738 1892
738 1892 742 1862
742 1862 769 1807
769 1807 820 1742
820 1742 857 1632
857 1632 863 1549
863 1549 854 1458
854 1458 777 1361
777 1361 689 1290
689 1290 639 1265
639 1265 560 1195
#outer walls
477 1335 404 1229
404 1229 374 1192
374 1192 341 1124
341 1124 298 1054
298 1054 272 902
272 902 296 760
296 760 357 691
357 691 425 648
425 648 471 598
471 598 559 540
559 540 617 470
617 470 720 405
720 405 787 353
787 353 894 309
894 309 989 273
989 273 1093 282
1093 282 1126 331
1126 331 1603 433
1603 433 1638 451
1638 451 1653 428
1653 428 1706 442
1706 442 1741 465
1741 465 1762 500
1762 500 1795 535
1795 535 1817 580
1817 580 1845 617
1845 617 1865 663
1865 663 1868 724
1868 724 1888 777
1888 777 1911 806
1911 806 1951 814
1951 814 1994 841
1994 841 2044 859
2044 859 2075 887
2075 887 2113 907
2113 907 2137 944
2137 944 2170 969
2170 969 2190 1008
2190 1008 2225 1046
2225 1046 2247 1088
2247 1088 2259 1140
2259 1140 2277 1179
2277 1179 2286 1237
2286 1237 2284 1285
2284 1285 2289 1345
2289 1345 2288 1397
2288 1397 2267 1450
2267 1450 2234 1495
2234 1495 2190 1544
2190 1544 2164 1607
2164 1607 2154 1683
2154 1683 2136 1745
2136 1745 2107 1797
2107 1797 2090 1868
2090 1868 2030 1907
2030 1907 1990 1956
1990 1956 1927 1988
1927 1988 1858 1991
1858 1991 1800 2005
1800 2005 1755 1998
1755 1998 1703 2007
1703 2007 1665 2047
1665 2047 1645 2094
1645 2094 1650 2168
1650 2168 1631 2232
1631 2232 1624 2286
1624 2286 1640 2358
1640 2358 1643 2441
1643 2441 1629 2501
1629 2501 1580 2547
1580 2547 1519 2619
1519 2619 1425 2671
1425 2671 1276 2679
1276 2679 1161 2644
1161 2644 1071 2590
1071 2590 965 2543
965 2543 906 2476
906 2476 883 2433
883 2433 802 2374
802 2374 725 2339
725 2339 662 2263
662 2263 594 2214
594 2214 561 2147
561 2147 552 2059
552 2059 538 2011
538 2011 552 1932
552 1932 586 1865
586 1865 598 1794
598 1794 593 1697
593 1697 575 1597
575 1597 533 1524
533 1524 515 1430
515 1430 477 1335
lap
#i hate this stupid file
checkpoints
418 1251 545 1173
297 761 459 824
1025 1011 1197 1011
1057 549 1242 502
2340 969 2482 1003
883 2431 985 2313
offroads
#COPY THIS TO LAP ONE!!!
428 849 33 116
442 820 30 35
463 795 34 39
487 777 49 32
518 755 39 39
545 734 30 30
569 718 30 30
591 704 30 24
608 689 34 28
633 664 43 44
667 640 40 44
695 623 38 32
713 601 44 40
#736 586 43 34
#762 555 34 44
#786 541 34 40
#815 523 32 37
#840 504 41 33
#863 488 57 30
#899 466 84 37
#940 449 123 39
#copied :3
528 1450 67 327
595 1468 46 300
641 1489 34 215
675 1507 24 147
#
704 1964 26 127
730 1898 26 227
756 1856 30 289
786 1826 53 365
#
633 1255 85 56
687 1312 70 32
#
676 2293 43 33
703 2310 46 68
733 2335 52 43
#
889 2470 58 99
931 2482 54 95
988 2500 21 129
1006 2527 33 128
1039 2544 38 109
1074 2574 60 87
1133 2596 47 85
1174 2630 50 85
1223 2645 53 80
1275 2669 59 71
1334 2695 92 64
1426 2719 129 61
1549 2735 329 82
1816 2717 154 48
1893 2700 150 47
1953 2680 97 50
1616 2532 172 61
#bro i dont wanna do another two laps of this maaan
1195 1057 299 128
1216 1184 237 32
1237 1216 195 18
1268 1234 122 18
#
1989 972 334 110
2032 935 288 39
2084 893 234 41
2118 863 37 30
#
1650 1913 138 134
1686 1853 152 117
1724 1808 154 60
1757 1773 166 48
1794 1740 169 31
1838 1719 126 26
1875 1700 88 19
1448 1062 54 125
1488 1126 41 40
#
1756 726 589 86
2043 689 279 41
2087 659 209 31
2108 634 160 26
2142 615 88 21
#
1795 2390 100 177
1897 2410 35 135
1932 2446 32 68
walls
560 1196 492 1080
492 1080 449 989
449 989 436 891
436 891 461 824
461 824 545 755
545 755 638 699
638 699 721 631
721 631 775 634
775 634 844 679
844 679 919 786
919 786 969 864
969 864 1002 938
1002 938 1025 1011
1025 1011 1028 1082
1028 1082 1043 1121
1043 1121 1063 1227
1063 1227 1104 1307
1104 1307 1158 1359
1158 1359 1275 1401
1275 1401 1373 1396
1373 1396 1515 1343
1515 1343 1640 1261
1640 1261 1663 1190
1663 1190 1656 1118
1656 1118 1660 1064
1660 1064 1633 997
1633 997 1609 954
1609 954 1597 893
1597 893 1556 843
1556 843 1518 774
1518 774 1501 716
1501 716 1461 686
1461 686 1418 658
1418 658 1379 611
1379 611 1319 584
1319 584 1266 549
1266 549 1242 501
1242 501 1253 473
1253 473 1310 451
1310 451 1465 467
1465 467 1530 497
1530 497 1577 537
1577 537 1648 619
1648 619 1672 659
1672 659 1732 695
1732 695 1774 735
1774 735 1809 756
1809 756 1861 753
1861 753 1936 761
1936 761 2003 754
2003 754 2050 756
2050 756 2098 750
2098 750 2194 755
2194 755 2286 795
2286 795 2344 807
2344 807 2361 825
2361 825 2359 878
2359 878 2343 916
2343 916 2340 969
2340 969 2324 1006
2324 1006 2305 1096
2305 1096 2248 1229
2248 1229 2195 1280
2195 1280 2161 1337
2161 1337 2035 1460
2035 1460 1758 1597
1758 1597 1628 1685
1628 1685 1552 1784
1552 1784 1498 1941
1498 1941 1504 2041
1504 2041 1528 2130
1528 2130 1609 2247
1609 2247 1721 2340
1721 2340 1842 2395
1842 2395 1843 2476
1843 2476 1803 2563
1803 2563 1583 2565
1583 2565 1469 2558
1469 2558 1256 2464
1256 2464 1148 2429
1148 2429 1087 2383
1087 2383 1027 2350
1027 2350 938 2283
938 2283 902 2245
902 2245 849 2211
849 2211 811 2091
811 2091 808 1981
808 1981 798 1925
798 1925 818 1863
818 1863 819 1742
819 1742 857 1632
857 1632 863 1550
863 1550 854 1458
854 1458 777 1361
777 1361 689 1291
689 1291 639 1266
639 1266 560 1196
#trees
2147 905 2142 892
2142 892 2147 863
2147 863 2168 857
2168 857 2185 849
2185 849 2203 855
2203 855 2230 862
2230 862 2240 861
2240 861 2266 867
2266 867 2275 863
2275 863 2286 875
2286 875 2293 893
2293 893 2303 904
2303 904 2300 913
2300 913 2286 917
2286 917 2265 924
2265 924 2270 937
2270 937 2265 945
2265 945 2250 941
2250 941 2221 924
2221 924 2214 928
2214 928 2199 923
2199 923 2182 911
2182 911 2174 912
2174 912 2158 907
2158 907 2147 905
#outer walls
477 1335 404 1229
404 1229 374 1192
374 1192 341 1124
341 1124 298 1054
298 1054 272 902
272 902 296 760
296 760 357 691
357 691 425 648
425 648 471 598
471 598 559 540
559 540 617 470
617 470 703 453
703 453 867 472
867 472 929 525
929 525 994 589
994 589 1041 625
1041 625 1070 682
1070 682 1113 737
1113 737 1130 821
1130 821 1165 887
1165 887 1198 1012
#
#
1198 1012 1196 1039
1196 1039 1214 1059
1214 1059 1249 1071
1249 1071 1271 1102
1271 1102 1320 1123
1320 1123 1366 1126
1366 1126 1400 1135
1400 1135 1409 1116
1409 1116 1428 1099
1428 1099 1447 1069
1447 1069 1474 1035
1474 1035 1429 975
1429 975 1386 922
1386 922 1357 863
1357 863 1320 816
1320 816 1265 765
1265 765 1208 733
1208 733 1158 699
1158 699 1096 603
1096 603 1056 549
1056 549 1046 449
1046 449 1061 388
1061 388 1089 339
1089 339 1151 297
1151 297 1210 292
1210 292 1265 268
1265 268 1359 282
1359 282 1423 274
1423 274 1485 293
1485 293 1559 310
1559 310 1634 347
1634 347 1684 391
1684 391 1717 441
1717 441 1733 483
1733 483 1772 519
1772 519 1817 544
1817 544 1904 558
1904 558 1969 552
1969 552 2022 513
2022 513 2063 457
2063 457 2128 433
2128 433 2198 423
2198 423 2284 441
2284 441 2335 471
2335 471 2384 517
2384 517 2443 556
2443 556 2464 601
2464 601 2473 656
2473 656 2494 704
2494 704 2499 767
2499 767 2508 823
2508 823 2502 907
2502 907 2501 952
#
#
2501 952 2482 1004
2482 1004 2467 1062
2467 1062 2455 1138
2455 1138 2434 1183
2434 1183 2422 1261
2422 1261 2389 1309
2389 1309 2360 1370
2360 1370 2333 1394
2333 1394 2352 1492
2352 1492 2385 1547
2385 1547 2422 1580
2422 1580 2457 1635
2457 1635 2481 1714
2481 1714 2523 1784
2523 1784 2556 1867
2556 1867 2565 1981
2565 1981 2542 2095
2542 2095 2523 2212
2523 2212 2479 2310
2479 2310 2394 2387
2394 2387 2320 2470
2320 2470 2220 2520
#
2220 2520 2071 2628
2071 2628 1894 2727
1894 2727 1667 2764
1667 2764 1403 2728
1403 2728 1276 2679
1276 2679 1161 2644
1161 2644 1071 2590
1071 2590 965 2543
965 2543 906 2476
906 2476 883 2433
883 2433 802 2374
802 2374 725 2339
725 2339 662 2263
662 2263 594 2214
594 2214 561 2147
561 2147 552 2059
552 2059 538 2011
538 2011 552 1932
552 1932 586 1865
586 1865 598 1794
598 1794 593 1697
593 1697 575 1597
575 1597 533 1524
533 1524 515 1430
515 1430 477 1335
#
#
2182 1558 2120 1588
2120 1588 2070 1630
2070 1630 2002 1660
2002 1660 1945 1714
1945 1714 1891 1782
1891 1782 1817 1846
1817 1846 1778 1901
1778 1901 1718 1944
1718 1944 1673 2000
1673 2000 1660 2050
1660 2050 1674 2102
1674 2102 1729 2156
1729 2156 1829 2196
1829 2196 1870 2229
1870 2229 1944 2247
1944 2247 1989 2282
1989 2282 2064 2315
2064 2315 2097 2376
2097 2376 2150 2366
2150 2366 2224 2327
2224 2327 2307 2226
2307 2226 2362 2104
2362 2104 2369 2045
2369 2045 2386 1984
2386 1984 2380 1929
2380 1929 2384 1880
2384 1880 2351 1839
2351 1839 2325 1783
2325 1783 2283 1734
2283 1734 2252 1665
2252 1665 2217 1620
2217 1620 2209 1591
2209 1591 2182 1558
lap
